//{2, 0, 2, 2, 0, 1, 1, 1, 0, 2, 2, 0, 0, 2, 0}

{{0, 0, 0, 0, 0, 0, 0, 0, 0, 0, 1, 0, 0, 0, 0},{0, 0, 0, 0, 0, 0, 2, 1, 0, 2, 0, 0, 0, 0, 0},{0, 0, 0, 0, 0, 2, 0, 1, 2, 0, 0, 0, 0, 0, 0},{0, 0, 0, 0, 1, 1, 1, 2, 1, 2, 0, 0, 0, 0, 0},{0, 0, 0, 1, 0, 1, 2, 1, 1, 1, 2, 0, 0, 0, 0},{0, 0, 0, 0, 2, 1, 2, 0, 1, 1, 1, 2, 1, 0, 0},{0, 0, 0, 0, 0, 2, 2, 1, 0, 1, 0, 2, 1, 0, 0},{0, 0, 0, 0, 2, 2, 2, 1, 2, 0, 2, 1, 2, 0, 0},{0, 0, 0, 2, 1, 1, 1, 2, 0, 0, 2, 0, 0, 0, 0},{0, 0, 2, 1, 2, 2, 2, 1, 1, 2, 1, 0, 0, 0, 0},{0, 0, 0, 0, 1, 2, 2, 2, 0, 0, 0, 0, 0, 0, 0},{0, 0, 0, 0, 1, 2, 1, 0, 0, 0, 0, 0, 0, 0, 0},{0, 0, 0, 0, 0, 0, 0, 0, 0, 0, 0, 0, 0, 0, 0},{0, 0, 0, 0, 0, 0, 0, 0, 0, 0, 0, 0, 0, 0, 0},{0, 0, 0, 0, 0, 0, 0, 0, 0, 0, 0, 0, 0, 0, 0}}

{{0,0,0,0,1,1,1,0,0,0,0,0,0,0,0},{0,0,0,0,0,0,0,0,0,0,0,0,0,0,0},{0,0,0,0,0,0,0,0,0,0,0,0,0,0,0},{0,0,0,0,0,0,0,0,0,0,0,0,0,0,0},{0,0,0,0,0,0,0,0,0,0,0,0,0,0,0},{0,0,0,0,0,0,0,0,0,0,0,0,0,0,0},{0,0,0,0,0,0,0,0,0,0,0,0,0,0,0},{0,0,0,0,0,0,0,0,0,0,0,0,0,0,0},{0,0,0,0,0,0,0,0,0,0,0,0,0,0,0},{0,0,0,0,0,0,0,0,0,0,0,0,0,0,0},{0,0,0,0,0,0,0,0,0,0,0,0,0,0,0},{0,0,0,0,0,0,0,0,0,0,0,0,0,0,0},{0,0,0,0,0,0,0,0,0,0,0,0,0,0,0},{0,0,0,0,0,0,0,0,0,0,0,0,0,0,0},{0,0,0,0,0,0,0,0,0,0,0,0,0,0,0}}

{{0,0,0,0,0,0,0,0,0,0,0,0,0,0,0},{0,0,0,0,0,0,0,0,0,0,0,0,0,0,0},{0,0,0,0,0,0,0,0,0,0,0,0,0,0,0},{0,0,0,0,0,0,0,0,0,0,0,0,0,0,0},{0,0,0,0,0,0,0,0,0,0,0,0,0,0,0},{0,0,0,0,0,0,0,0,1,1,0,0,0,0,0},{0,0,0,0,0,0,0,2,2,1,2,0,0,0,0},{0,0,0,0,0,1,1,1,2,2,0,0,0,0,0},{0,0,0,0,0,0,0,0,2,1,0,0,0,0,0}}

{{0,0,0,0,0,0,0,0,0,0,0,0,0,0,0},{0,0,0,0,0,0,0,0,0,0,0,0,0,0,0},{0,0,0,0,0,0,0,0,0,0,0,0,0,0,0},{0,0,0,0,0,0,0,0,0,0,0,0,0,0,0},{0,0,0,0,0,0,0,0,0,0,0,0,0,0,0},{0,0,0,0,0,0,0,0,2,1,0,0,0,0,0},{0,0,0,0,0,0,1,2,2,2,1,0,0,0,0},{0,0,0,0,0,0,0,1,0,0,0,0,0,0,0},{0,0,0,0,0,0,0,0,1,0,0,0,0,0,0}}

// 测试长连禁手
{{1,1,1,1,1,1,1,0,0,0,0,0,0,0,0}}
{{1,1,1,1,1,1,0,0,0,0,0,0,0,0,0}}

// 测试四四禁手
{{0,0,0,0,0,0,0,0,0,0,0,0,0,0,0},{2,1,1,1,1},{0,0,0,0,1},{0,0,0,0,1},{0,0,0,0,1}}
{{0,0,0,0,0,0,0,0,0,0,0,0,0,0,0},{2,1,1,1,1},{0,0,0,0,1},{0,0,0,0,1},{0,0,0,0,1},{0,0,0,0,2}}
{{0,0,0,0,0,0,0,0,0,0,0,0,0,0,0},{0,1,1,1,1},{0,0,0,0,1},{0,0,0,0,1},{0,0,0,0,1}}
